[N
93
40
3 prn
87
18 cycloneive_io_obuf
45
58 c:/intelfpga_lite/23.1std/questa_fse/intel/vhdl/cycloneive
30
8 tipd_prn
1
54 c:/intelfpga_lite/23.1std/questa_fse/intel/vhdl/altera
26
11 tipd_asdata
31
10 tipd_aload
48
8 lut_mask
21
17 tpd_prn_q_negedge
89
29 tipd_seriesterminationcontrol
66
5 dataa
65
5 datab
67
5 datac
23
12 tpd_asdata_q
11
30 tsetup_sclr_clk_noedge_posedge
90
8 tpd_oe_o
5
10 is_wysiwyg
51
17 tpd_datab_combout
8
8 lpm_type
46
21 cycloneive_lcell_comb
9
27 tsetup_d_clk_noedge_posedge
85
10 tipd_inclk
60
10 tipd_dataa
61
10 tipd_datab
62
10 tipd_datac
63
10 tipd_datad
77
1 d
72
7 tpd_i_o
91
10 tpd_i_obar
14
26 thold_d_clk_noedge_posedge
83
17 ena_register_mode
93
17 open_drain_output
39
3 ena
81
13 vital_clkctrl
41
6 asdata
10
32 tsetup_asdata_clk_noedge_posedge
12
31 tsetup_sload_clk_noedge_posedge
76
13 simulate_z_as
6
10 dont_touch
82
10 clock_type
15
31 thold_asdata_clk_noedge_posedge
29
9 tipd_clrn
37
12 InstancePath
17
30 thold_sload_clk_noedge_posedge
34
3 XOn
69
4 arch
52
17 tpd_datac_combout
59
12 tpd_cin_cout
38
4 clrn
36
9 XOnChecks
35
11 MsgOnChecks
79
6 behave
43
5 aload
44
5 sload
18
28 thold_ena_clk_noedge_posedge
33
5 MsgOn
7
14 x_on_violation
56
14 tpd_datab_cout
3
12 vital_dffeas
53
17 tpd_datad_combout
58
14 tpd_datad_cout
24
8 tipd_clk
32
8 tipd_ena
75
8 bus_hold
27
9 tipd_sclr
55
14 tpd_dataa_cout
25
6 tipd_d
22
19 tpd_aload_q_posedge
70
6 tipd_i
73
10 tpd_ibar_o
57
14 tpd_datac_cout
49
14 sum_lutc_input
28
10 tipd_sload
80
18 cycloneive_clkctrl
92
11 tpd_oe_obar
4
8 power_up
84
16 tpd_inclk_outclk
19
17 tpd_clk_q_posedge
88
7 tipd_oe
71
9 tipd_ibar
16
29 thold_sclr_clk_noedge_posedge
13
29 tsetup_ena_clk_noedge_posedge
86
14 tipd_clkselect
20
18 tpd_clrn_q_negedge
64
8 tipd_cin
74
17 differential_mode
54
15 tpd_cin_combout
50
17 tpd_dataa_combout
42
4 sclr
2
6 dffeas
68
18 cycloneive_io_ibuf
47
16 vital_lcell_comb
78
18 cycloneive_ena_reg
]
[G
1
2
3
1
6
0
0
0
0
5 0
102
97
108
115
101
1
1
1 5 1 1
]
[G
1
2
3
2
6
0
0
0
0
5 0
102
97
108
115
101
1
1
1 5 1 1
]
[G
45
46
47
1
49
0
0
0
0
5 0
100
97
116
97
99
1
1
1 5 1 1
]
[G
45
46
47
3
57
0
0
0
0
16 1
0
0
0
]
[G
1
2
3
2
15
0
0
0
0
8 1
0
0
0
]
[G
45
87
69
1
33
0
0
0
0
0 0
0
0
]
[G
1
2
3
1
12
0
0
0
0
8 1
0
0
0
]
[G
45
68
69
1
33
0
0
0
0
0 0
0
0
]
[G
1
2
3
1
29
0
0
0
0
16 1
0
0
0
]
[G
1
2
3
2
29
0
0
0
0
16 1
0
0
0
]
[G
45
78
79
1
33
0
0
0
0
0 0
0
0
]
[G
1
2
3
1
15
0
0
0
0
8 1
0
0
0
]
[G
45
80
81
1
86
0
0
0
0
32 1
0
0
0
]
[G
45
80
81
1
35
0
0
1
0
0 0
0
0
]
[G
45
78
79
1
37
0
0
0
0
1 1
42
1
1
1 1 1 1
]
[G
1
2
3
1
17
0
0
0
0
8 1
0
0
0
]
[G
1
2
3
2
17
0
0
0
0
8 1
0
0
0
]
[G
45
46
47
1
64
0
0
0
0
16 1
0
0
0
]
[G
45
46
47
2
64
0
0
0
0
16 1
0
0
0
]
[G
45
46
47
3
64
0
0
0
0
16 1
0
0
0
]
[G
45
78
79
1
34
0
0
0
0
0 0
0
0
]
[G
45
46
47
1
54
0
0
0
0
16 1
0
0
0
]
[G
45
46
47
2
54
0
0
0
0
16 1
0
0
0
]
[G
45
46
47
3
54
0
0
0
0
16 1
0
0
0
]
[G
45
46
47
2
50
0
0
0
0
16 1
0
0
0
]
[G
45
46
47
3
50
0
0
0
0
16 1
0
0
0
]
[G
45
46
47
1
35
0
0
1
0
0 0
0
0
]
[G
45
46
47
2
35
0
0
1
0
0 0
0
0
]
[G
45
46
47
3
35
0
0
1
0
0 0
0
0
]
[G
45
68
69
1
75
0
0
0
0
5 0
102
97
108
115
101
1
1
1 5 1 1
]
[G
1
2
3
1
33
0
0
0
0
0 0
0
0
]
[G
1
2
3
2
33
0
0
0
0
0 0
0
0
]
[G
45
46
47
1
50
0
0
0
0
16 1
0
0
0
]
[G
45
68
69
1
34
0
0
0
0
0 0
0
0
]
[G
1
2
3
1
18
0
0
0
0
8 1
0
0
0
]
[G
1
2
3
2
18
0
0
0
0
8 1
0
0
0
]
[G
1
2
3
1
7
0
0
0
0
2 0
111
110
1
1
1 2 1 1
]
[G
1
2
3
2
7
0
0
0
0
2 0
111
110
1
1
1 2 1 1
]
[G
45
68
69
1
70
0
0
0
0
16 1
0
0
0
]
[G
45
78
79
1
24
0
0
0
0
16 1
0
0
0
]
[G
45
68
69
1
73
0
0
0
0
16 1
0
0
0
]
[G
45
78
79
1
25
0
0
0
0
16 1
0
0
0
]
[G
45
87
69
1
75
0
0
0
0
5 0
102
97
108
115
101
1
1
1 5 1 1
]
[G
45
87
69
1
70
0
0
0
0
16 1
0
0
0
]
[G
1
2
3
1
37
0
0
0
0
1 1
42
1
1
1 1 1 1
]
[G
1
2
3
2
37
0
0
0
0
1 1
42
1
1
1 1 1 1
]
[G
45
87
69
1
34
0
0
0
0
0 0
0
0
]
[G
45
68
69
1
71
0
0
0
0
16 1
0
0
0
]
[G
45
80
81
1
36
0
0
1
0
0 0
0
0
]
[G
45
87
69
1
92
0
0
0
0
16 1
0
0
0
]
[G
1
2
3
1
34
0
0
0
0
0 0
0
0
]
[G
1
2
3
2
34
0
0
0
0
0 0
0
0
]
[G
45
78
79
1
19
0
0
0
0
16 1
0
0
0
]
[G
45
46
47
1
48
0
0
0
0
16 0
2
2
2
2
2
2
2
2
3
2
3
2
3
2
3
2
0
0
]
[G
45
46
47
2
48
0
0
0
0
16 0
3
3
3
3
3
3
3
3
2
2
2
2
2
2
2
2
0
0
]
[G
45
46
47
3
48
0
0
0
0
16 0
2
2
2
3
2
2
2
3
2
2
2
2
2
2
2
2
0
0
]
[G
45
87
69
1
88
0
0
0
0
16 1
0
0
0
]
[G
45
80
81
1
85
0
0
0
0
64 1
0
0
0
]
[G
1
2
3
1
24
0
0
0
0
16 1
0
0
0
]
[G
1
2
3
2
24
0
0
0
0
16 1
0
0
0
]
[G
45
80
81
1
8
0
0
0
0
18 0
99
121
99
108
111
110
101
105
118
101
95
99
108
107
99
116
114
108
1
1
1 18 1 1
]
[G
1
2
3
1
32
0
0
0
0
16 1
0
0
0
]
[G
1
2
3
2
32
0
0
0
0
16 1
0
0
0
]
[G
45
46
47
1
36
0
0
1
0
0 0
0
0
]
[G
45
46
47
2
36
0
0
1
0
0 0
0
0
]
[G
45
46
47
3
36
0
0
1
0
0 0
0
0
]
[G
1
2
3
1
27
0
0
0
0
16 1
0
0
0
]
[G
1
2
3
2
27
0
0
0
0
16 1
0
0
0
]
[G
45
46
47
1
8
0
0
0
0
21 0
99
121
99
108
111
110
101
105
118
101
95
108
99
101
108
108
95
99
111
109
98
1
1
1 21 1 1
]
[G
45
46
47
2
8
0
0
0
0
21 0
99
121
99
108
111
110
101
105
118
101
95
108
99
101
108
108
95
99
111
109
98
1
1
1 21 1 1
]
[G
45
46
47
3
8
0
0
0
0
21 0
99
121
99
108
111
110
101
105
118
101
95
108
99
101
108
108
95
99
111
109
98
1
1
1 21 1 1
]
[G
1
2
3
1
25
0
0
0
0
16 1
0
0
0
]
[G
1
2
3
2
25
0
0
0
0
16 1
0
0
0
]
[G
1
2
3
1
22
0
0
0
0
16 1
0
0
0
]
[G
1
2
3
2
22
0
0
0
0
16 1
0
0
0
]
[G
45
46
47
2
51
0
0
0
0
16 1
0
0
0
]
[G
45
46
47
3
51
0
0
0
0
16 1
0
0
0
]
[G
45
46
47
1
60
0
0
0
0
16 1
0
0
0
]
[G
45
46
47
2
60
0
0
0
0
16 1
0
0
0
]
[G
45
46
47
2
61
0
0
0
0
16 1
0
0
0
]
[G
45
46
47
2
62
0
0
0
0
16 1
0
0
0
]
[G
45
46
47
2
63
0
0
0
0
16 1
0
0
0
]
[G
45
46
47
3
63
0
0
0
0
16 1
0
0
0
]
[G
45
68
69
1
74
0
0
0
0
5 0
102
97
108
115
101
1
1
1 5 1 1
]
[G
1
2
3
1
28
0
0
0
0
16 1
0
0
0
]
[G
1
2
3
2
28
0
0
0
0
16 1
0
0
0
]
[G
45
80
81
1
83
0
0
0
0
4 0
110
111
110
101
1
1
1 4 1 1
]
[G
45
46
47
1
51
0
0
0
0
16 1
0
0
0
]
[G
45
46
47
1
61
0
0
0
0
16 1
0
0
0
]
[G
45
46
47
3
60
0
0
0
0
16 1
0
0
0
]
[G
45
46
47
3
61
0
0
0
0
16 1
0
0
0
]
[G
45
46
47
3
62
0
0
0
0
16 1
0
0
0
]
[G
1
2
3
1
4
0
0
0
0
3 0
108
111
119
1
1
1 3 1 1
]
[G
1
2
3
2
4
0
0
0
0
3 0
108
111
119
1
1
1 3 1 1
]
[G
1
2
3
1
19
0
0
0
0
16 1
0
0
0
]
[G
1
2
3
2
19
0
0
0
0
16 1
0
0
0
]
[G
45
78
79
1
35
0
0
1
0
0 0
0
0
]
[G
45
46
47
1
62
0
0
0
0
16 1
0
0
0
]
[G
45
46
47
1
63
0
0
0
0
16 1
0
0
0
]
[G
1
2
3
1
16
0
0
0
0
8 1
0
0
0
]
[G
1
2
3
2
16
0
0
0
0
8 1
0
0
0
]
[G
1
2
3
2
13
0
0
0
0
8 1
0
0
0
]
[G
45
46
47
1
6
0
0
0
0
3 0
111
102
102
1
1
1 3 1 1
]
[G
45
46
47
2
6
0
0
0
0
3 0
111
102
102
1
1
1 3 1 1
]
[G
45
46
47
3
6
0
0
0
0
3 0
111
102
102
1
1
1 3 1 1
]
[G
1
2
3
1
13
0
0
0
0
8 1
0
0
0
]
[G
45
80
81
1
82
0
0
0
0
12 0
103
108
111
98
97
108
32
99
108
111
99
107
1
1
1 12 1 1
]
[G
1
2
3
1
20
0
0
0
0
16 1
0
0
0
]
[G
1
2
3
2
20
0
0
0
0
16 1
0
0
0
]
[G
45
46
47
1
52
0
0
0
0
16 1
0
0
0
]
[G
45
46
47
2
52
0
0
0
0
16 1
0
0
0
]
[G
45
46
47
3
52
0
0
0
0
16 1
0
0
0
]
[G
1
2
3
1
35
0
0
1
0
0 0
0
0
]
[G
1
2
3
2
35
0
0
1
0
0 0
0
0
]
[G
45
87
69
1
89
0
0
0
0
256 1
0
0
0
]
[G
45
80
81
1
33
0
0
0
0
0 0
0
0
]
[G
45
68
69
1
8
0
0
0
0
18 0
99
121
99
108
111
110
101
105
118
101
95
105
111
95
105
98
117
102
1
1
1 18 1 1
]
[G
45
87
69
1
90
0
0
0
0
16 1
0
0
0
]
[G
45
78
79
1
9
0
0
0
0
8 1
0
0
0
]
[G
45
78
79
1
36
0
0
1
0
0 0
0
0
]
[G
45
46
47
1
59
0
0
0
0
16 1
0
0
0
]
[G
45
46
47
2
59
0
0
0
0
16 1
0
0
0
]
[G
45
46
47
3
59
0
0
0
0
16 1
0
0
0
]
[G
45
87
69
1
8
0
0
0
0
18 0
99
121
99
108
111
110
101
105
118
101
95
105
111
95
111
98
117
102
1
1
1 18 1 1
]
[G
45
68
69
1
72
0
0
0
0
16 1
0
0
0
]
[G
45
46
47
1
33
0
0
0
0
0 0
0
0
]
[G
45
46
47
2
33
0
0
0
0
0 0
0
0
]
[G
45
46
47
3
33
0
0
0
0
0 0
0
0
]
[G
1
2
3
2
30
0
0
0
0
16 1
0
0
0
]
[G
45
80
81
1
37
0
0
0
0
1 1
42
1
1
1 1 1 1
]
[G
45
87
69
1
72
0
0
0
0
16 1
0
0
0
]
[G
45
87
69
1
91
0
0
0
0
16 1
0
0
0
]
[G
45
78
79
1
14
0
0
0
0
8 1
0
0
0
]
[G
1
2
3
1
26
0
0
0
0
16 1
0
0
0
]
[G
1
2
3
2
26
0
0
0
0
16 1
0
0
0
]
[G
1
2
3
1
31
0
0
0
0
16 1
0
0
0
]
[G
1
2
3
2
31
0
0
0
0
16 1
0
0
0
]
[G
45
46
47
1
56
0
0
0
0
16 1
0
0
0
]
[G
45
46
47
2
56
0
0
0
0
16 1
0
0
0
]
[G
45
46
47
3
56
0
0
0
0
16 1
0
0
0
]
[G
1
2
3
1
21
0
0
0
0
16 1
0
0
0
]
[G
1
2
3
2
21
0
0
0
0
16 1
0
0
0
]
[G
45
87
69
1
93
0
0
0
0
5 0
102
97
108
115
101
1
1
1 5 1 1
]
[G
1
2
3
1
23
0
0
0
0
16 1
0
0
0
]
[G
1
2
3
2
23
0
0
0
0
16 1
0
0
0
]
[G
1
2
3
1
30
0
0
0
0
16 1
0
0
0
]
[G
45
46
47
2
37
0
0
0
0
1 1
42
1
1
1 1 1 1
]
[G
45
46
47
2
53
0
0
0
0
16 1
0
0
0
]
[G
45
46
47
3
53
0
0
0
0
16 1
0
0
0
]
[G
45
68
69
1
76
0
0
0
0
1 1
122
1
1
1 1 1 1
]
[G
1
2
3
2
11
0
0
0
0
8 1
0
0
0
]
[G
45
80
81
1
32
0
0
0
0
16 1
0
0
0
]
[G
1
2
3
1
5
0
0
0
0
4 0
116
114
117
101
1
1
1 4 1 1
]
[G
1
2
3
2
5
0
0
0
0
4 0
116
114
117
101
1
1
1 4 1 1
]
[G
1
2
3
2
36
0
0
1
0
0 0
0
0
]
[G
45
46
47
1
37
0
0
0
0
1 1
42
1
1
1 1 1 1
]
[G
45
46
47
1
53
0
0
0
0
16 1
0
0
0
]
[G
45
46
47
3
37
0
0
0
0
1 1
42
1
1
1 1 1 1
]
[G
1
2
3
2
8
0
0
0
0
6 0
68
70
70
69
65
83
1
1
1 6 1 1
]
[G
45
46
47
3
34
0
0
0
0
0 0
0
0
]
[G
1
2
3
1
11
0
0
0
0
8 1
0
0
0
]
[G
45
80
81
1
34
0
0
0
0
0 0
0
0
]
[G
45
46
47
1
58
0
0
0
0
16 1
0
0
0
]
[G
45
46
47
2
58
0
0
0
0
16 1
0
0
0
]
[G
1
2
3
2
9
0
0
0
0
8 1
0
0
0
]
[G
45
46
47
1
55
0
0
0
0
16 1
0
0
0
]
[G
45
46
47
2
55
0
0
0
0
16 1
0
0
0
]
[G
45
46
47
2
34
0
0
0
0
0 0
0
0
]
[G
1
2
3
1
9
0
0
0
0
8 1
0
0
0
]
[G
45
46
47
3
58
0
0
0
0
16 1
0
0
0
]
[G
1
2
3
1
14
0
0
0
0
8 1
0
0
0
]
[G
1
2
3
2
14
0
0
0
0
8 1
0
0
0
]
[G
1
2
3
1
8
0
0
0
0
6 0
68
70
70
69
65
83
1
1
1 6 1 1
]
[G
45
46
47
3
55
0
0
0
0
16 1
0
0
0
]
[G
45
80
81
1
84
0
0
0
0
64 1
0
0
0
]
[G
1
2
3
1
36
0
0
1
0
0 0
0
0
]
[G
45
46
47
1
34
0
0
0
0
0 0
0
0
]
[G
45
46
47
1
57
0
0
0
0
16 1
0
0
0
]
[G
45
46
47
2
57
0
0
0
0
16 1
0
0
0
]
[G
45
46
47
2
49
0
0
0
0
5 0
100
97
116
97
99
1
1
1 5 1 1
]
[G
45
46
47
3
49
0
0
0
0
5 0
100
97
116
97
99
1
1
1 5 1 1
]
[G
1
2
3
1
10
0
0
0
0
8 1
0
0
0
]
[G
1
2
3
2
10
0
0
0
0
8 1
0
0
0
]
[G
1
2
3
2
12
0
0
0
0
8 1
0
0
0
]
[P
1
2
3
38
39
1
0
0
]
[P
1
2
3
38
39
2
0
0
]
[P
1
2
3
43
77
1
0
0
]
[P
1
2
3
44
43
2
0
0
]
[P
45
46
47
65
66
2
0
0
]
[P
45
46
47
67
66
2
0
0
]
[P
45
46
47
67
65
1
0
0
]
[P
1
2
3
42
77
1
0
0
]
[P
1
2
3
42
43
2
0
0
]
[P
1
2
3
40
39
1
0
0
]
[P
1
2
3
40
39
2
0
0
]
[P
45
78
79
38
39
1
0
0
]
[P
1
2
3
41
39
2
0
0
]
